"SAMN08707421"	"SAMN08707426"	"SAMN08707428"	"SAMN08707434"	"SAMN08707436"	"SAMN08707439"	"SAMN08707431"
"SRP135559.OTU1"	0.00747285501383862	0.17959541657202	0.00758571109844072	0.0172621251388375	0.0119580270586982	0.153875519803667	0.062958275780917
"SRP135559.OTU2"	0.000702576112412178	0.000132505489513137	0.000206582546253832	0.000123411082315192	0.00164688102196634	0.00706932987933738	0.00587525364385087
"SRP135559.OTU4"	0.094741324249521	0.0422881805103355	0.00162787046448019	0.00723497470072812	0.0244220730797912	0.0483536710068853	0.00394557101364703
"SRP135559.OTU5"	0.0266766020864381	0.00383634941066606	0.0345240751299404	0.0777181290879921	0.0353680622136998	0.00285636376031086	0.157451492685774
"SRP135559.OTU7"	0.0308281882052373	0.045449382903006	0.00315658130675855	0.031875973106327	0.0147810802173219	0.0651646328993114	0.0912587366215302
"SRP135559.OTU8"	0.0419140432875133	0.0419140432875133	0.000512324714709503	0.0333826977662594	0.0147278150633855	0.119033335605699	0.0502645853503269
"SRP135559.OTU9"	0.00257611241217798	0.0162603164988264	0.000231372451804292	0.00899788824304651	0.00215723873441994	0.023764401118004	0.00899788824304651
"SRP135559.OTU12"	0.0383436235895253	0.0274937056623747	0.000594957733211037	0.063525854621745	0.00751038670501757	0.0274937056623747	0.0410074136947785
"SRP135559.OTU13"	0.107281243346817	0.0101145856995028	0.168265615574671	0.0867616888722861	0.141152657931181	0.00699434180925762	0.0867616888722861
"SRP135559.OTU14"	0.0464551841601022	0.0131622119583049	0.0438120264095127	0.0284199022124477	0.0249813571961223	0.0136887313381962	0.0284199022124477
"SRP135559.OTU15"	0.0144347455822866	0.0019560334166225	0.00969285307022981	0.00823205108748819	0.00684457228081389	0.00823205108748819	0.0144958289677855
"SRP135559.OTU16"	0.0101979987225889	0.0417202998409935	0.00766008081509209	0.0164136739479205	0.0227974858847342	0.0353943690776467	0.0183353005928303
"SRP135559.OTU17"	0.0147718959254476	0.0147718959254476	0.00570994157845592	0.0173392570652845	0.00700436774262277	0.0290340173154271	0.00819617776952561
"SRP135559.OTU21"	0.00766446668086013	0.00322050819849599	0.000239635753654445	0.00377946439590275	0.00119846596356664	0.00322050819849599	0.0077717802151165
"SRP135559.OTU22"	0.0628273365978284	0.00445470836172737	0.0235338836692366	0.0363291373565346	0.0259667625439438	0.0198786556684164	0.0288317473662812
"SRP135559.OTU24"	0.00108579944645518	0.0027384467832715	0.00150392093672789	0.00046279155868197	0.00181101523383403	0.00152039479179411	0.0241972918131059
"SRP135559.OTU25"	0.00819672131147541	0.00777365538477071	0.00537940950444979	0.024589658151302	0.0209864706509002	0.00387211125502761	0.0117996710429876
"SRP135559.OTU26"	0.00183095592931658	0.000233462052951718	0.000743697166513795	0.00851536467974824	0.00431447746883989	8.86222646397164e-05	0.00565642365485869
"SRP135559.OTU29"	0.0181179476261443	0.00755281290224881	0.002371567630994	0.0109218807848945	0.0138755726004049	0.0105679563089373	0.0105679563089373
"SRP135559.OTU32"	0.00295933574622099	0.00761591075439793	0.0128890425759153	0.0341694434160188	0.00660487908810057	0.0130956438748381	0.00697603480059946
"SRP135559.OTU36"	0.0155844155844155	0.00138815274728048	0.0167249229447102	0.0123873873873874	0.0155001597954618	0.000974844911036881	0.0263723292794525
"SRP135559.OTU38"	0.000489674260166064	0.0233462052951718	0.000413165092507664	0.00558435147476244	0.00394162139128582	0.0185697729906606	0.00641901301043752
"SRP135559.OTU39"	0.0149670002129018	0.0142313563583028	0.0251039110207656	0.0122485499197828	0.0187759667625439	6.13538755198036e-05	0.0142313563583028
"SRP135559.OTU41"	0.00270385352352565	0.00396254511496429	0.00229719791434261	0.000539923485128964	0.0104666027484819	0.000245415502079214	0.00106762509781038
"SRP135559.OTU47"	0.00943155205450287	0.00167209308195149	0.0118165216457192	0.0281223003825744	0.00689783743475019	0.00111800395391642	0.00984305142556909
"SRP135559.OTU51"	0.00702576112412178	0.0120964990161345	0.00722212581703397	0.00897815623843021	0.0116650687120486	0.0255913831890381	0.0379504250606756
"SRP135559.OTU55"	0.00263998296785182	0.00101587541960072	0.0187742218035482	0.0269961742564482	0.00934803451581975	0.0117548577926537	0.0117548577926537
"SRP135559.OTU57"	0.000191611667021503	0.00367229499507837	0.00317641365576204	0.0116314945082069	7.98977309044424e-05	0.000306769377599018	0.0169361149056378
"SRP135559.OTU59"	0.00110708963167979	0.00867304733435478	0.00664369468752324	0.00367147969887696	0.00322254181314584	0.0287204308405481	0.00867304733435478
"SRP135559.OTU61"	0.0098573557589951	0.000523712172837636	0.00636274242461802	0.00394915463408614	0.00167785234899329	0.00173835980639444	0.00401819619098744
"SRP135559.OTU64"	0.00549286778794976	0.00143863102899977	0.00421428394357817	0.0104436628409231	0.0133961862149781	0.00102256459199673	0.00600136606807094
"SRP135559.OTU71"	0.00436448797104534	0.00489008354155624	0.00141302461637621	0.0118474639022584	0.00790987535953979	0.00229736178335265	0.00545371619568811
"SRP135559.OTU72"	0.000298062593144561	0.00204437040963126	0.00124605004226145	0.000323954091077379	0.00124605004226145	0.00231781307519259	0.000888582379544037
"SRP135559.OTU74"	0.000276772407919949	0.00130612553948664	0.00605700025616236	0.00156466480359532	2.66325769681475e-05	0.000156793237439498	7.29433296640628e-05
"SRP135559.OTU76"	0.000574835001064509	0.00263118043461801	0.00187576951998479	0.0015734912995187	0.00564610631724726	0.0186106755743405	0.00425723796766622
"SRP135559.OTU77"	0.00619544390036194	0.00579869261250348	0.000247899055504599	0.00843823275330124	0.00503355704697986	0.00973481491580885	0.00590810671407666
"SRP135559.OTU78"	0.00598254204811582	0.0036344362837889	0.00651974515977094	0.00458381909577022	0.00516671993182061	0.00161565205535483	0.00458381909577022
"SRP135559.OTU80"	0.00298062593144561	0.0034761566069481	0.00347885007891453	0.0034761566069481	0.00367529562160435	0.00376985479582793	0.00168432779406109
"SRP135559.OTU82"	0.00640834575260805	0.00789291020561841	0.000330532074006131	0.0172158459829693	0.00761691701289017	0.00789291020561841	0.000477447248710229
"SRP135559.OTU85"	0.00187353629976581	0.00262487064940309	0.000140476131452606	0.00334752560779958	0.00218387131138809	0.00395391642238735	0.00302383257516479
"SRP135559.OTU86"	0.00303862323714017	0.000347038186820121	0.0122627399456274	0.000215969394051586	0.0010653030787259	0.00130206558047583	0.00303862323714017
"SRP135559.OTU87"	0.00960187353629977	0.00154589737765327	0.00366064271961791	0.00783660372701469	0.00958772770853308	0.000436294225918604	0.00544483988250622
"SRP135559.OTU88"	0.00110708963167979	0.000776103581434088	0.00109075584422024	0.00556892508947303	0.000958772770853308	0.000347671961278887	0.0062731263511094
"SRP135559.OTU91"	0.000834551147716334	0.00113576133868404	0.000776750373914409	0.00135752190546711	0.000834551147716334	6.81709727997818e-05	0.00228776806673651
"SRP135559.OTU102"	0.000468384074941452	0.00468583943984323	0.00143781452192667	0.0210261631494508	0.00031959092361777	0.000177244529279433	0.0154905107359319
"SRP135559.OTU120"	0.000702576112412178	0.00167209308195149	0.00128327108836976	0.000185116623472788	7.98977309044424e-05	0.00377667189310791	0.00163790931154759
"SRP135559.OTU124"	0.00851607408984458	0.0037412021866787	0.000256162357354752	0.00657164013328397	0.00194417811867476	0.00141795623423547	0.00566968607843398
"SRP135559.OTU128"	0.00153289333617202	0.00573559476035436	0.00104117603311931	0.00311390381200872	0.000585916693299243	0.00667393823709865	0.00311390381200872
"SRP135559.OTU129"	0.000404513519267617	0.00368491456550819	0.000694117355412876	9.25583117363939e-05	0.00114520080963034	0.000184061626559411	0.00103422769801914
"SRP135559.OTU147"	0.0025974025974026	0.00364340172699041	0.00057843112951073	0.000570776255707763	0.00380845850644509	0.0106619401458859	0.00364340172699041
"SRP135559.OTU150"	0.00221417926335959	0.00177935943060499	0.000338795375856285	0.00158872545286298	0.00292958346649622	0.000681709727997818	0.00158872545286298
"SRP135559.OTU151"	0.000574835001064509	0.00042336319037817	0.00042336319037817	0.000509070714550167	0.000452753808458507	0.000156793237439498	0.000165780294691052
"SRP135559.OTU158"	0.000404513519267617	0.00331894702304334	0.000256162357354752	0.00183573984943848	0.000346223500585917	0.00100893039743677	0.000974788132783384
"SRP135559.OTU165"	0.00349159037683627	0.004485720131094	0.000842856788715635	0.00982660742934715	0.00378182592947694	0.004485720131094	0.00188989535947799
"SRP135559.OTU179"	0.000659995741962955	0.00024608162338154	0.00107165836565765	0.00316240898432679	0.00107165836565765	0.000218147112959302	0.00170422142942402
"SRP135559.OTU180"	0.000383223334043006	0.000933890890344371	0.000933890890344371	0.00220597309638405	0.000239693192713327	0.000906673938237099	0.00299067651622657
"SRP135559.OTU181"	0.0014903129657228	0.000607663856934351	0.000173529338853218	0.00015426385289399	0.000612549270267391	0.000607663856934351	0.000179042718266336
"SRP135559.OTU184"	0.000397600516093459	0.000145125059942959	0.000289215564755364	0.0014192274466247	7.98977309044424e-05	5.45367782398255e-05	0.00220156231349717
"SRP135559.OTU185"	0.000574835001064509	0.000208222912092072	0.000768487072064255	0.00077131926446995	0.00117183338659849	0.000698939527257855	0.00138592326361719
"SRP135559.OTU220"	8.51607408984458e-05	0.000706695944070064	0.00055364122396027	0.000971444191928439	0.000532651539362949	0.00297907151135047	0.000971444191928439
"SRP135559.OTU227"	0.00208643815201192	0.00186656278550053	0.00329705743821116	0.00124953720844131	0.00170448492596144	0.000995296202876815	0.000185673930053978
"SRP135559.OTU246"	8.51607408984458e-05	0.000706695944070064	0.000173529338853218	0.000200543008762187	5.32651539362949e-05	0.000279500988479106	0.000238723624355114
"SRP135559.OTU297"	0.000127741111347668	0.000393745025756069	0.000173529338853218	0.000555349870418363	0.000532651539362949	0.000579453268798146	0.000464184825134945
"SRP135559.OTU304"	0.000979348520332126	0.000561570884127105	0.000549112505175558	0.000539923485128964	0.000426121231490359	0.000238598404799237	0.00104110025065981
"SRP135559.OTU307"	0.000411886219895362	0.000290250119885919	8.26330185015329e-05	0.00117240528199432	0.000411886219895362	0.000102256459199673	0.000775851779154122
"SRP135559.OTU362"	0.00251224185650415	0.00117378747688482	0.000471008205458737	0.000833024805627546	0.000878875039948866	0.00117378747688482	0.000152517871115768
"SRP135559.OTU483"	0.000851607408984458	0.000119885919083314	0.000400958037771043	0.000339380476366778	0.000292958346649622	0.000400958037771043	0.000450922401559661
